      .   A   C   D   E   F   G   H   I   K   L   M   N   P   Q   R   S   T   V   W   Y
 .  -20 -60 -60 -60 -60 -60 -60 -60 -60 -60 -60 -60 -60 -60 -60 -60 -60 -60 -60 -60 -60

 A  -60   2  -2   0   0  -4   1  -1  -1  -1  -2  -1   0   1   0  -2   1   1   0  -6  -3

 C  -60  -2  12  -5  -5  -4  -3  -3  -2  -5  -6  -5  -4  -3  -5  -4   0  -2  -2  -8   0

 D  -60   0  -5   4   3  -6   1   1  -2   0  -4  -3   2  -1   2  -1   0   0  -2  -7  -4

 E  -60   0  -5   3   4  -5   0   1  -2   0  -3  -2   1  -1   2  -1   0   0  -2  -7  -4

 F  -60  -4  -4  -6  -5   9  -5  -2   1  -5   2   0  -4  -5  -5  -4  -3  -3  -1   0   7

 G  -60   1  -3   1   0  -5   5  -2  -3  -2  -4  -3   0  -1  -1  -3   1   0  -1  -7  -5

 H  -60  -1  -3   1   1  -2  -2   6  -2   0  -2  -2   2   0   3   2  -1  -1  -2  -3   0

 I  -60  -1  -2  -2  -2   1  -3  -2   5  -2   2   2  -2  -2  -2  -2  -1   0   4  -5  -1

 K  -60  -1  -5   0   0  -5  -2   0  -2   5  -3   0   1  -1   1   3   0   0  -2  -3  -4

 L  -60  -2  -6  -4  -3   2  -4  -2   2  -3   6   4  -3  -3  -2  -3  -3  -2   2  -2  -1

 M  -60  -1  -5  -3  -2   0  -3  -2   2   0   4   6  -2  -2  -1   0  -2  -1   2  -4  -2

 N  -60   0  -4   2   1  -4   0   2  -2   1  -3  -2   2  -1   1   0   1   0  -2  -4  -2

 P  -60   1  -3  -1  -1  -5  -1   0  -2  -1  -3  -2  -1   6   0   0   1   0  -1  -6  -5

 Q  -60   0  -5   2   2  -5  -1   3  -2   1  -2  -1   1   0   4   1  -1  -1  -2  -5  -4

 R  -60  -2  -4  -1  -1  -4  -3   2  -2   3  -3   0   0   0   1   6   0  -1  -2   2  -4

 S  -60   1   0   0   0  -3   1  -1  -1   0  -3  -2   1   1  -1   0   2   1  -1  -2  -3

 T  -60   1  -2   0   0  -3   0  -1   0   0  -2  -1   0   0  -1  -1   1   3   0  -5  -3

 V  -60   0  -2  -2  -2  -1  -1  -2   4  -2   2   2  -2  -1  -2  -2  -1   0   4  -6  -2

 W  -60  -6  -8  -7  -7   0  -7  -3  -5  -3  -2  -4  -4  -6  -5   2  -2  -5  -6  17   0

 Y  -60  -3   0  -4  -4   7  -5   0  -1  -4  -1  -2  -2  -5  -4  -4  -3  -3  -2   0  10





      .   A   C   D   E   F   G   H   I   K   L   M   N   P   Q   R   S   T   V   W   Y
 .    0 -51 -56 -52 -52 -55 -53 -53 -53 -53 -53 -53 -51 -53 -52 -53 -51 -52 -52 -59 -55

 A  -51   0  -9  -3  -3  -9  -2  -5  -4  -4  -6  -5  -2  -3  -3  -6  -1  -1  -3 -15  -9

 C  -56  -9   0 -13 -13 -14 -11 -12 -10 -13 -15 -14 -11 -12 -13 -13  -7  -9 -10 -22 -11

 D  -52  -3 -13   0  -1 -12  -3  -4  -6  -4  -9  -8  -1  -6  -2  -6  -3  -3  -6 -17 -11

 E  -52  -3 -13  -1   0 -11  -4  -4  -6  -4  -8  -7  -2  -6  -2  -6  -3  -3  -6 -17 -11

 F  -55  -9 -14 -12 -11   0 -12  -9  -6 -12  -5  -7  -9 -12 -11 -11  -8  -9  -7 -13  -2

 G  -53  -2 -11  -3  -4 -12   0  -7  -8  -7  -9  -8  -3  -6  -5  -8  -2  -4  -5 -18 -12

 H  -53  -5 -12  -4  -4  -9  -7   0  -7  -5  -8  -8  -2  -6  -2  -4  -5  -5  -7 -14  -8

 I  -53  -4 -10  -6  -6  -6  -8  -7   0  -7  -3  -3  -5  -7  -6  -7  -4  -4   0 -16  -8

 K  -53  -4 -13  -4  -4 -12  -7  -5  -7   0  -8  -5  -2  -6  -3  -2  -3  -4  -6 -14 -11

 L  -53  -6 -15  -9  -8  -5  -9  -8  -3  -8   0  -2  -7  -9  -7  -9  -7  -6  -3 -13  -9

 M  -53  -5 -14  -8  -7  -7  -8  -8  -3  -5  -2   0  -6  -8  -6  -6  -6  -5  -3 -15 -10

 N  -51  -2 -11  -1  -2  -9  -3  -2  -5  -2  -7  -6   0  -5  -2  -4  -1  -2  -5 -13  -8

 P  -53  -3 -12  -6  -6 -12  -6  -6  -7  -6  -9  -8  -5   0  -5  -6  -3  -4  -6 -17 -13

 Q  -52  -3 -13  -2  -2 -11  -5  -2  -6  -3  -7  -6  -2  -5   0  -4  -4  -4  -6 -15 -11

 R  -53  -6 -13  -6  -6 -11  -8  -4  -7  -2  -9  -6  -4  -6  -4   0  -4  -5  -7  -9 -12

 S  -51  -1  -7  -3  -3  -8  -2  -5  -4  -3  -7  -6  -1  -3  -4  -4   0  -1  -4 -11  -9

 T  -52  -1  -9  -3  -3  -9  -4  -5  -4  -4  -6  -5  -2  -4  -4  -5  -1   0  -3 -15  -9

 V  -52  -3 -10  -6  -6  -7  -5  -7   0  -6  -3  -3  -5  -6  -6  -7  -4  -3   0 -16  -9

 W  -59 -15 -22 -17 -17 -13 -18 -14 -16 -14 -13 -15 -13 -17 -15  -9 -11 -15 -16   0 -13

 Y  -55  -9 -11 -11 -11  -2 -12  -8  -8 -11  -9 -10  -8 -13 -11 -12  -9  -9  -9 -13   0

