Functional Index:
 -0.181  -0.181  -0.181  -0.181  0.169  0.149  0.069  -0.031  -0.091  0.809  -0.121  -0.191  -0.131  -0.129  -0.177 

  Coordinate0:
:  0  0  0 -1 -1  0  0  0  0  1  0  0  0  0  0  1  0  0  0  0  0

      86     1.00000     0.00000     0.08993     0.28226     0.00000  
     460     0.87782     0.00000     0.09195     0.61612     0.00000  


  Coordinate1:
:  0  0  0  0  0  0  0  0  1  0  0  0  0  0  0  0  0  0  1  0  0

      13     0.22316     0.97954     0.97093     0.37407     0.00000  
      27     0.22316     1.00000     0.88337     0.23195     0.00000  
      64     0.26220     0.82742     0.68695     0.29996     0.00000  
      69     0.00000     0.82742     0.55172     0.82967     0.00000  
     117     0.00000     0.77012     0.49561     0.38668     0.00000  
     131     0.08953     0.89768     0.74442     0.90498     0.00000  
     171     0.08314     0.82742     0.67410     0.19444     0.00000  
     184     0.00000     0.81855     0.00000     0.00470     0.00000  
     209     0.00000     0.92360     0.00000     0.02531     0.00000  
     220     0.00000     0.82742     0.20892     0.27355     0.00000  
     222     0.00000     0.79809     0.00000     0.08982     0.00000  
     240     0.00000     0.81855     0.00000     0.00000     0.00000  
     259     0.00000     1.00000     0.00000     0.55241     0.00000  
     269     0.00000     0.78513     0.00000     0.02721     0.00000  
     279     0.00000     0.78513     0.17985     0.12052     0.00000  
     295     0.01582     0.90860     0.58350     0.09412     0.00000  
     301     0.00000     1.00000     0.56998     0.54241     0.00000  
     315     0.00000     0.85539     0.84787     0.02721     0.00000  
     342     0.00000     0.81855     0.00000     0.04691     0.00000  
     344     0.00000     0.82742     0.00000     0.12132     0.00000  
     359     0.08953     1.00000     0.17985     0.05391     0.00000  
     387     0.36217     0.82742     0.82015     0.07401     0.00000  
     388     0.00000     0.82742     0.00000     0.13763     0.00000  
     396     0.00000     0.82742     0.82015     0.12132     0.00000  
     524     0.00640     0.82742     0.69777     0.38218     0.00000  
     529     0.08516     0.82742     0.35565     0.51840     0.00000  


  Coordinate2:
:  0  1  1 -1 -1  1  0 -1  1 -1  1  1 -1  1 -1 -1 -1 -1  1  1 -1

      13     0.22316     0.97954     0.97093     0.37407     0.00000  
      27     0.22316     1.00000     0.88337     0.23195     0.00000  
      35     0.10973     0.18554     0.84077     0.21664     0.18554  
      80     0.00000     0.00000     1.00000     0.41798     0.00000  
      84     0.43453     0.00000     0.80358     0.64403     0.00000  
      90     0.40390     0.17258     0.81136     0.42688     0.00000  
     106     0.00000     0.00000     0.76471     0.15463     0.00000  
     127     0.00000     0.00000     0.81136     0.24005     0.00000  
     137     0.27028     0.00000     0.86004     0.20984     0.17258  
     156     0.13262     0.00000     0.91954     0.11222     1.00000  
     160     0.10098     0.00000     0.81913     0.08582     0.03206  
     194     0.00000     0.00000     0.86376     0.31276     0.00000  
     225     0.00000     0.00000     0.78837     0.21054     0.00000  
     241     0.31875     0.48568     0.81136     0.35657     0.00000  
     250     0.08516     0.16644     0.81136     0.23995     0.00000  
     289     0.08953     0.26671     1.00000     0.29606     0.00000  
     315     0.00000     0.85539     0.84787     0.02721     0.00000  
     331     0.12386     0.00000     0.76166     0.37147     0.13233  
     349     0.00000     0.45225     0.99121     0.04121     0.00000  
     382     0.48906     0.00000     0.82015     0.38018     0.00000  
     385     0.51767     0.13438     0.86883     0.08912     0.00000  
     387     0.36217     0.82742     0.82015     0.07401     0.00000  
     390     0.00000     0.00000     0.81136     0.01360     0.00000  
     392     0.07237     0.00000     0.82015     0.01360     0.00000  
     396     0.00000     0.82742     0.82015     0.12132     0.00000  
     408     0.00000     0.00000     0.80730     0.19834     0.00000  
     415     0.31437     0.00000     0.82015     0.19984     0.82742  
     420     0.41838     0.00000     0.81406     0.64483     0.00000  
     517     0.49983     0.00000     0.78702     0.20944     0.00000  
     522     0.33995     0.32469     0.89452     0.22925     0.00000  
     527     0.02457     0.58868     0.92292     0.37417     0.00000  


  Coordinate3:
:  0  2  5  5  6  9  1 10  4  7  4  5  5  5  6  8  3  4  3 12 10

      28     0.48132     0.00000     0.05882     1.00000     0.07026  
      55     0.31471     0.17258     0.32623     0.90458     0.18554  
      60     0.00000     0.00000     0.20149     0.99720     0.00000  
      69     0.00000     0.82742     0.55172     0.82967     0.00000  
     131     0.08953     0.89768     0.74442     0.90498     0.00000  
     140     0.44295     0.00000     0.61291     0.79946     0.03206  
     299     0.00000     0.68622     0.00000     0.81436     0.00000  
     335     0.00236     0.00000     0.08418     0.85467     0.36698  
     419     0.09155     0.13438     0.05172     0.89098     0.00000  
     425     0.00000     0.00000     0.12847     0.77635     0.07026  
     426     0.06631     0.00000     0.49290     0.95559     0.21760  


  Coordinate4:
:  0  0  0  0  0  0  0  0  0  0  0  0  0  1  0  0  0  0  0  0  0

      58     0.08516     0.00000     0.23259     0.70024     0.82742  
     156     0.13262     0.00000     0.91954     0.11222     1.00000  
     157     0.33995     0.18554     0.62475     0.00410     0.79536  
     291     0.40828     0.17258     0.64030     0.20564     0.81855  
     330     0.00000     0.00000     0.66430     0.21954     0.82742  
     365     0.18310     0.18554     0.55172     0.08802     0.81855  
     402     0.00000     0.00000     0.41007     0.60662     0.82742  
     406     0.40828     0.00000     0.72583     0.26405     0.81855  
     415     0.31437     0.00000     0.82015     0.19984     0.82742  


       0     0.00000     0.00000     0.00000     0.00000     0.00000  
       1     0.00000     0.00000     0.00000     0.00000     0.00000  
       2     0.00000     0.00000     0.00000     0.00000     0.00000  
       3     0.00000     0.00000     0.00000     0.00000     0.00000  
       4     0.00000     0.00000     0.00000     0.00000     0.00000  
       5     0.00000     0.00000     0.00000     0.00000     0.00000  
       6     0.00000     0.00000     0.00000     0.00000     0.00000  
       7     0.00000     0.00000     0.00000     0.00000     0.00000  
       8     0.00000     0.00000     0.00000     0.00000     0.00000  
       9     0.00000     0.00000     0.39554     0.58512     0.00000  
      10     0.00000     0.00000     0.06491     0.43759     0.00000  
      11     0.09155     0.00000     0.28871     0.09182     0.00000  
      12     0.14103     0.00000     0.29817     0.48240     0.00000  
      13     0.22316     0.97954     0.97093     0.37407     0.00000  
      14     0.08751     0.00000     0.57066     0.14293     0.00000  
      15     0.00000     0.00000     0.09195     0.08162     0.00000  
      16     0.00000     0.00000     0.09195     0.13603     0.00000  
      17     0.00000     0.00000     0.09195     0.10882     0.00000  
      18     0.00000     0.00000     0.09195     0.13603     0.00000  
      19     0.00000     0.18554     0.09195     0.08162     0.00000  
      20     0.00000     0.00000     0.09195     0.10882     0.00000  
      21     0.09155     0.00000     0.09195     0.16323     0.00000  
      22     0.00000     0.00000     0.00000     0.02721     0.00000  
      23     0.09155     0.00000     0.18391     0.27205     0.00000  
      24     0.09155     0.26671     0.04023     0.48290     0.00000  
      25     0.00000     0.26671     0.40805     0.67333     0.00000  
      26     0.49983     0.00000     0.46856     0.56731     0.26671  
      27     0.22316     1.00000     0.88337     0.23195     0.00000  
      28     0.48132     0.00000     0.05882     1.00000     0.07026  
      29     0.08516     0.18554     0.67140     0.64263     0.00000  
      30     0.09357     0.26671     0.35632     0.27726     0.00000  
      31     0.00000     0.36221     0.54429     0.43719     0.00000  
      32     0.00000     0.02797     0.50507     0.19254     0.21760  
      33     0.04645     0.37108     0.65551     0.14743     0.00000  
      34     0.00000     0.03820     0.56491     0.34017     0.18145  
      35     0.10973     0.18554     0.84077     0.21664     0.18554  
      36     0.45271     0.00000     0.69675     0.16243     0.00000  
      37     0.02827     0.00000     0.01589     0.07872     0.00000  
      38     0.00000     0.00000     0.29479     0.42528     0.55662  
      39     0.09155     0.00000     0.37965     0.00720     0.00000  
      40     0.10804     0.00000     0.15923     0.07882     0.00000  
      41     0.00000     0.18554     0.16565     0.19604     0.00000  
      42     0.00000     0.07026     0.01826     0.35977     0.37108  
      43     0.18310     0.00000     0.01826     0.38648     0.18554  
      44     0.00000     0.00000     0.38607     0.32667     0.00000  
      45     0.00000     0.00000     0.14334     0.03331     0.00000  
      46     0.18310     0.15211     0.25930     0.35807     0.00000  
      47     0.18310     0.00000     0.29412     0.20684     0.00000  
      48     0.09155     0.00000     0.07370     0.24505     0.00000  
      49     0.08516     0.18554     0.26944     0.03511     0.00000  
      50     0.00000     0.00000     0.25118     0.13843     0.55662  
      51     0.09155     0.18554     0.04665     0.39568     0.13233  
      52     0.01885     0.00000     0.01082     0.48390     0.00000  
      53     0.26725     0.18554     0.23056     0.56151     0.00000  
      54     0.25816     0.00000     0.06187     0.25265     0.45225  
      55     0.31471     0.17258     0.32623     0.90458     0.18554  
      56     0.20128     0.03820     0.15822     0.51280     0.18554  
      57     0.00202     0.22237     0.11460     0.04061     0.00000  
      58     0.08516     0.00000     0.23259     0.70024     0.82742  
      59     0.00000     0.00000     0.40365     0.60422     0.00000  
      60     0.00000     0.00000     0.20149     0.99720     0.00000  
      61     0.09155     0.18554     0.11021     0.03221     0.00000  
      62     0.16022     0.00000     0.23124     0.67353     0.64188  
      63     0.47896     0.00000     0.32015     0.72594     0.00000  
      64     0.26220     0.82742     0.68695     0.29996     0.00000  
      65     0.05453     0.00000     0.18864     0.23715     0.31992  
      66     0.18108     0.18554     0.18391     0.07532     0.00000  
      67     0.31875     0.00000     0.09331     0.17213     0.00000  
      68     0.00000     0.00000     0.00000     0.00000     0.00000  
      69     0.00000     0.82742     0.55172     0.82967     0.00000  
      70     0.00000     0.64188     0.00000     0.04721     0.00000  
      71     0.27701     0.00000     0.13320     0.12763     0.00000  
      72     0.00000     0.00000     0.00000     0.00000     0.00000  
      73     0.36116     0.00000     0.00000     0.05501     0.00000  
      74     0.00000     0.00000     0.00000     0.00000     0.00000  
      75     0.12723     0.00000     0.13320     0.21104     0.00000  
      76     0.00000     0.00000     0.64030     0.18944     0.00000  
      77     0.00000     0.00000     0.00000     0.02661     0.00000  
      78     0.00000     0.31583     0.00000     0.01070     0.00000  
      79     0.28846     0.00000     0.26437     0.16263     0.00000  
      80     0.00000     0.00000     1.00000     0.41798     0.00000  
      81     0.45035     0.15211     0.09364     0.33807     0.00000  
      82     0.00000     0.00000     0.08993     0.71304     0.00000  
      83     0.00000     0.32879     0.00000     0.09752     0.00000  
      84     0.43453     0.00000     0.80358     0.64403     0.00000  
      85     0.60754     0.00000     0.23698     0.53491     0.00000  
      86     1.00000     0.00000     0.08993     0.28226     0.00000  
      87     0.00000     0.00000     0.08553     0.07592     0.00000  
      88     0.49344     0.00000     0.01454     0.54221     0.00000  
      89     0.00000     0.00000     0.67918     0.44379     0.00000  
      90     0.40390     0.17258     0.81136     0.42688     0.00000  
      91     0.00000     0.00000     0.09331     0.01380     0.00000  
      92     0.00000     0.00000     0.00000     0.12182     0.00000  
      93     0.31875     0.17258     0.35970     0.15263     0.00000  
      94     0.00000     0.00000     0.00000     0.00000     0.00000  
      95     0.00000     0.15962     0.00000     0.08292     0.00000  
      96     0.00000     0.00000     0.00000     0.36007     0.00000  
      97     0.00000     0.00000     0.08993     0.07982     0.00000  
      98     0.00000     0.18145     0.17985     0.00000     0.00000  
      99     0.00000     0.17258     0.00000     0.60922     0.00000  
     100     0.00000     0.00887     0.00000     0.09342     0.00000  
     101     0.00000     0.00000     0.00000     0.00000     0.00000  
     102     0.00000     0.22237     0.03178     0.09472     0.00000  
     103     0.31673     0.00000     0.00000     0.09282     0.00000  
     104     0.00000     0.00000     0.00000     0.00000     0.00000  
     105     0.06530     0.00000     0.13117     0.05821     0.13233  
     106     0.00000     0.00000     0.76471     0.15463     0.00000  
     107     0.49344     0.00000     0.00879     0.38678     0.00000  
     108     0.00000     0.00000     0.00000     0.00130     0.00000  
     109     0.00000     0.01774     0.17106     0.14333     0.00000  
     110     0.00000     0.64188     0.00000     0.08222     0.00000  
     111     0.00000     0.00000     0.00000     0.00000     0.00000  
     112     0.00000     0.38404     0.22989     0.02360     0.00000  
     113     0.00000     0.00000     0.17106     0.27355     0.00000  
     114     0.00000     0.37108     0.19202     0.06811     0.00000  
     115     0.00000     0.00000     0.73563     0.10882     0.00000  
     116     0.00000     0.02933     0.55172     0.18394     0.00000  
     117     0.00000     0.77012     0.49561     0.38668     0.00000  
     118     0.00000     0.00000     0.18391     0.11932     0.00000  
     119     0.00000     0.00000     0.00000     0.00000     0.00000  
     120     0.00000     0.00000     0.00000     0.73315     0.00000  
     121     0.00000     0.18145     0.00000     0.30296     0.00000  
     122     0.00000     0.00000     0.00000     0.10882     0.00000  
     123     0.00000     0.00000     0.31406     0.09292     0.00000  
     124     0.00000     0.58186     0.18391     0.17343     0.00000  
     125     0.00000     0.49318     0.00000     0.15173     0.00000  
     126     0.00000     0.00000     0.00000     0.08372     0.00000  
     127     0.00000     0.00000     0.81136     0.24005     0.00000  
     128     0.00000     0.29673     0.00000     0.01180     0.00000  
     129     0.00000     0.18145     0.00000     0.12693     0.00000  
     130     0.00000     0.00000     0.00000     0.00000     0.00000  
     131     0.08953     0.89768     0.74442     0.90498     0.00000  
     132     0.00000     0.19850     0.27586     0.15353     0.00000  
     133     0.36621     0.00000     0.00000     0.35067     0.00000  
     134     0.08516     0.00000     0.08553     0.15183     0.00000  
     135     0.00000     0.00000     0.00000     0.00000     0.00000  
     136     0.00000     0.13438     0.00000     0.02721     0.00000  
     137     0.27028     0.00000     0.86004     0.20984     0.17258  
     138     0.58499     0.00000     0.25558     0.28296     0.06207  
     139     0.08953     0.00000     0.62745     0.45639     0.00000  
     140     0.44295     0.00000     0.61291     0.79946     0.03206  
     141     0.00000     0.00000     0.00000     0.00470     0.00000  
     142     0.00000     0.03206     0.01589     0.01410     0.00000  
     143     0.00000     0.00000     0.01589     0.02350     0.03206  
     144     0.00000     0.00000     0.01589     0.00940     0.00000  
     145     0.00000     0.00000     0.01589     0.00940     0.00000  
     146     0.00000     0.00000     0.00000     0.00470     0.00000  
     147     0.00000     0.00000     0.00000     0.00470     0.00000  
     148     0.00000     0.00000     0.01589     0.02350     0.03206  
     149     0.00000     0.00000     0.01589     0.00940     0.00000  
     150     0.00000     0.00000     0.01589     0.00940     0.00000  
     151     0.00000     0.00000     0.00000     0.00470     0.00000  
     152     0.00000     0.00000     0.00000     0.00470     0.00000  
     153     0.00000     0.00000     0.00000     0.00470     0.00000  
     154     0.00000     0.00000     0.00000     0.00470     0.00000  
     155     0.06631     0.37108     0.31711     0.48130     0.00000  
     156     0.13262     0.00000     0.91954     0.11222     1.00000  
     157     0.33995     0.18554     0.62475     0.00410     0.79536  
     158     0.10973     0.03206     0.55139     0.22274     0.18554  
     159     0.10602     0.00000     0.31406     0.12342     0.00000  
     160     0.10098     0.00000     0.81913     0.08582     0.03206  
     161     0.05823     0.18554     0.36376     0.07171     0.18145  
     162     0.00000     0.00000     0.13320     0.02751     0.01774  
     163     0.08953     0.00000     0.08993     0.17934     0.00000  
     164     0.00000     0.00000     0.06660     0.07882     0.00000  
     165     0.06631     0.00000     0.15652     0.25125     0.00000  
     166     0.00000     0.00000     0.15652     0.32516     0.00000  
     167     0.00000     0.00000     0.15652     0.18524     0.00000  
     168     0.00000     0.31583     0.15652     0.16553     0.00000  
     169     0.00000     0.00000     0.00000     0.00000     0.00000  
     170     0.00000     0.00000     0.00000     0.00470     0.00000  
     171     0.08314     0.82742     0.67410     0.19444     0.00000  
     172     0.07506     0.00000     0.00000     0.03621     0.00000  
     173     0.00000     0.55662     0.00000     0.10232     0.00000  
     174     0.06631     0.00000     0.00000     0.44699     0.00000  
     175     0.00000     0.00000     0.17140     0.16833     0.00000  
     176     0.00000     0.00000     0.00000     0.73315     0.00000  
     177     0.00000     0.55662     0.69777     0.08412     0.18554  
     178     0.00000     0.00000     0.25085     0.21204     0.00000  
     179     0.00000     0.00000     0.00000     0.00000     0.00000  
     180     0.00000     0.00000     0.00000     0.00000     0.00000  
     181     0.00000     0.00000     0.17985     0.02661     0.00000  
     182     0.00000     0.00000     0.00000     0.00000     0.00000  
     183     0.00000     0.00000     0.18391     0.16323     0.00000  
     184     0.00000     0.81855     0.00000     0.00470     0.00000  
     185     0.00000     0.00000     0.00000     0.00000     0.00000  
     186     0.00000     0.26671     0.26437     0.08222     0.00000  
     187     0.36621     0.00000     0.00000     0.00000     0.00000  
     188     0.00000     0.09413     0.45707     0.06821     0.00000  
     189     0.00000     0.00000     0.00000     0.00000     0.00000  
     190     0.00000     0.00000     0.00000     0.00000     0.00000  
     191     0.00000     0.00000     0.00000     0.00000     0.00000  
     192     0.00000     0.00000     0.26437     0.03911     0.00000  
     193     0.00000     0.00000     0.00000     0.00000     0.00000  
     194     0.00000     0.00000     0.86376     0.31276     0.00000  
     195     0.08953     0.00000     0.17985     0.07982     0.00000  
     196     0.00000     0.55662     0.63624     0.52741     0.00000  
     197     0.00000     0.31583     0.00000     0.08012     0.18145  
     198     0.00000     0.00000     0.00000     0.09472     0.00000  
     199     0.08953     0.00000     0.08993     0.19234     0.00000  
     200     0.55571     0.00000     0.00000     0.05501     0.00000  
     201     0.00000     0.00000     0.00000     0.00000     0.00000  
     202     0.00000     0.00000     0.00000     0.07591     0.17258  
     203     0.36621     0.22237     0.74442     0.20134     0.00000  
     204     0.00000     0.00000     0.36782     0.10882     0.00000  
     205     0.00000     0.00000     0.00000     0.02791     0.00000  
     206     0.00000     0.05321     0.13320     0.24865     0.00000  
     207     0.00000     0.13438     0.13117     0.08112     0.00000  
     208     0.00000     0.19031     0.00000     0.16393     0.00000  
     209     0.00000     0.92360     0.00000     0.02531     0.00000  
     210     0.00000     0.71692     0.00000     0.10992     0.00000  
     211     0.00000     0.00000     0.00000     0.00000     0.00000  
     212     0.00000     0.00000     0.27248     0.04431     0.00000  
     213     0.00000     0.18145     0.00000     0.09412     0.00000  
     214     0.00000     0.07640     0.00000     0.01120     0.00000  
     215     0.00000     0.00000     0.41007     0.36397     0.00000  
     216     0.00000     0.17258     0.08452     0.11142     0.00000  
     217     0.00000     0.49932     0.00000     0.06851     0.00000  
     218     0.00000     0.64598     0.00000     0.10882     0.00000  
     219     0.32110     0.00000     0.00000     0.09472     0.00000  
     220     0.00000     0.82742     0.20892     0.27355     0.00000  
     221     0.00000     0.26671     0.00000     0.21524     0.00000  
     222     0.00000     0.79809     0.00000     0.08982     0.00000  
     223     0.00000     0.55184     0.64030     0.10692     0.00000  
     224     0.00000     0.00000     0.00000     0.00000     0.00000  
     225     0.00000     0.00000     0.78837     0.21054     0.00000  
     226     0.00000     0.09618     0.00000     0.34247     0.00000  
     227     0.00000     0.18145     0.00000     0.68514     0.00000  
     228     0.00000     0.74216     0.00000     0.25335     0.00000  
     229     0.00000     0.00000     0.00000     0.00000     0.00000  
     230     0.00000     0.26194     0.26437     0.00070     0.00000  
     231     0.00000     0.00000     0.56457     0.08352     0.00000  
     232     0.49781     0.00000     0.00000     0.27355     0.00000  
     233     0.00000     0.00000     0.00000     0.11732     0.26671  
     234     0.22316     0.00000     0.00000     0.06291     0.00000  
     235     0.08953     0.00000     0.00000     0.01410     0.00000  
     236     0.00000     0.00000     0.00000     0.00000     0.00000  
     237     0.00000     0.00000     0.15078     0.06691     0.00000  
     238     0.00808     0.00000     0.36376     0.05431     0.00000  
     239     0.00000     0.00000     0.00000     0.02661     0.00000  
     240     0.00000     0.81855     0.00000     0.00000     0.00000  
     241     0.31875     0.48568     0.81136     0.35657     0.00000  
     242     0.00000     0.00000     0.00000     0.00000     0.00000  
     243     0.00000     0.00000     0.00000     0.02661     0.00000  
     244     0.13463     0.00000     0.00000     0.26795     0.00000  
     245     0.00000     0.00000     0.00000     0.00610     0.00000  
     246     0.00000     0.00000     0.00000     0.00000     0.00000  
     247     0.00000     0.00000     0.00000     0.00000     0.00000  
     248     0.00000     0.00000     0.00000     0.07782     0.00000  
     249     0.00000     0.00000     0.59635     0.08822     0.00000  
     250     0.08516     0.16644     0.81136     0.23995     0.00000  
     251     0.31875     0.00000     0.17985     0.32246     0.00000  
     252     0.36183     0.00000     0.08553     0.19824     0.00000  
     253     0.09155     0.00000     0.09195     0.13603     0.00000  
     254     0.00000     0.00000     0.00000     0.04661     0.00000  
     255     0.00000     0.00000     0.00000     0.09472     0.64598  
     256     0.00000     0.00000     0.36376     0.02721     0.00000  
     257     0.00000     0.00000     0.00000     0.19554     0.00000  
     258     0.00000     0.18145     0.00000     0.00130     0.00000  
     259     0.00000     1.00000     0.00000     0.55241     0.00000  
     260     0.08953     0.00000     0.00000     0.05321     0.00000  
     261     0.00000     0.00000     0.00000     0.00000     0.00000  
     262     0.00000     0.00000     0.40568     0.12002     0.00000  
     263     0.40626     0.00000     0.00000     0.00000     0.00000  
     264     0.00000     0.00000     0.17985     0.12132     0.00000  
     265     0.00000     0.00000     0.00000     0.00000     0.00000  
     266     0.45574     0.00000     0.17985     0.32527     0.18145  
     267     0.00000     0.00000     0.00000     0.00000     0.00000  
     268     0.00000     0.00000     0.54699     0.55121     0.18145  
     269     0.00000     0.78513     0.00000     0.02721     0.00000  
     270     0.00000     0.18145     0.17985     0.08092     0.00000  
     271     0.18075     0.00000     0.49561     0.45439     0.00000  
     272     0.00000     0.18145     0.17106     0.36267     0.00000  
     273     0.08953     0.00000     0.00000     0.50240     0.00000  
     274     0.00000     0.00000     0.00000     0.10292     0.00000  
     275     0.33861     0.00000     0.00000     0.34047     0.00000  
     276     0.00000     0.13438     0.49561     0.32586     0.00000  
     277     0.12723     0.18145     0.17985     0.11762     0.00000  
     278     0.00000     0.26671     0.00000     0.03911     0.00000  
     279     0.00000     0.78513     0.17985     0.12052     0.00000  
     280     0.31875     0.00000     0.08993     0.01830     0.00000  
     281     0.13161     0.00000     0.05206     0.08122     0.03820  
     282     0.25648     0.00000     0.08993     0.52851     0.00000  
     283     0.00000     0.39495     0.35970     0.06851     0.00000  
     284     0.08953     0.00000     0.00000     0.03381     0.00000  
     285     0.19253     0.00000     0.46112     0.15103     0.27967  
     286     0.00000     0.00000     0.00000     0.00000     0.00000  
     287     0.00000     0.00000     0.08993     0.10642     0.00000  
     288     0.08953     0.00000     0.08993     0.13303     0.00000  
     289     0.08953     0.26671     1.00000     0.29606     0.00000  
     290     0.00000     0.39905     0.00000     0.03911     0.00000  
     291     0.40828     0.17258     0.64030     0.20564     0.81855  
     292     0.00000     0.13438     0.17985     0.05321     0.00000  
     293     0.08751     0.00000     0.00000     0.30496     0.00000  
     294     0.00000     0.00000     0.00000     0.07982     0.00000  
     295     0.01582     0.90860     0.58350     0.09412     0.00000  
     296     0.49344     0.00000     0.00000     0.02721     0.00000  
     297     0.00000     0.58458     0.00000     0.25435     0.00000  
     298     0.05688     0.00000     0.26437     0.19994     0.26671  
     299     0.00000     0.68622     0.00000     0.81436     0.00000  
     300     0.22114     0.17258     0.10243     0.37498     0.00000  
     301     0.00000     1.00000     0.56998     0.54241     0.00000  
     302     0.40424     0.18145     0.37863     0.02260     0.13438  
     303     0.03467     0.29877     0.12508     0.00400     0.00000  
     304     0.06631     0.00000     0.56660     0.03041     0.00000  
     305     0.36419     0.15211     0.06085     0.07191     0.00000  
     306     0.13161     0.00000     0.00000     0.00130     0.00000  
     307     0.18075     0.00000     0.17985     0.39218     0.00000  
     308     0.00000     0.07640     0.00000     0.09472     0.64598  
     309     0.00000     0.00000     0.00000     0.00000     0.00000  
     310     0.00000     0.00000     0.00000     0.00650     0.00000  
     311     0.00000     0.00000     0.00000     0.12002     0.00000  
     312     0.00000     0.00000     0.37593     0.00080     0.00000  
     313     0.00000     0.00000     0.00000     0.00000     0.00000  
     314     0.00000     0.19031     0.00000     0.00000     0.00000  
     315     0.00000     0.85539     0.84787     0.02721     0.00000  
     316     0.00000     0.64598     0.17985     0.44699     0.00000  
     317     0.00000     0.12005     0.12847     0.62082     0.00000  
     318     0.00000     0.00000     0.00000     0.00000     0.00000  
     319     0.18075     0.54775     0.54293     0.16113     0.00000  
     320     0.00000     0.00000     0.00000     0.12132     0.00000  
     321     0.27264     0.00000     0.00000     0.02661     0.00000  
     322     0.47694     0.00000     0.67884     0.40338     0.18145  
     323     0.30865     0.00000     0.11427     0.21254     0.00000  
     324     0.00000     0.00000     0.00000     0.00000     0.00000  
     325     0.00000     0.00000     0.00000     0.00000     0.00000  
     326     0.00000     0.00000     0.00000     0.41758     0.00000  
     327     0.40828     0.00000     0.49087     0.34997     0.00000  
     328     0.01447     0.00000     0.01893     0.04911     0.00000  
     329     0.00000     0.24966     0.00000     0.04781     0.00000  
     330     0.00000     0.00000     0.66430     0.21954     0.82742  
     331     0.12386     0.00000     0.76166     0.37147     0.13233  
     332     0.15584     0.00000     0.36782     0.34267     0.00000  
     333     0.12723     0.00000     0.18391     0.21764     0.00000  
     334     0.00000     0.15211     0.23022     0.41778     0.00000  
     335     0.00236     0.00000     0.08418     0.85467     0.36698  
     336     0.59138     0.00000     0.00000     0.03411     0.00000  
     337     0.00000     0.00000     0.06558     0.19404     0.00000  
     338     0.34736     0.00000     0.47093     0.51930     0.00000  
     339     0.18108     0.00000     0.00000     0.21464     0.00000  
     340     0.00000     0.00000     0.00000     0.33157     0.00000  
     341     0.00000     0.00000     0.00000     0.00000     0.00000  
     342     0.00000     0.81855     0.00000     0.04691     0.00000  
     343     0.00000     0.00000     0.00000     0.03911     0.00000  
     344     0.00000     0.82742     0.00000     0.12132     0.00000  
     345     0.00000     0.00887     0.00000     0.00650     0.00000  
     346     0.00000     0.00000     0.00000     0.00000     0.00000  
     347     0.31875     0.00000     0.00000     0.30946     0.00000  
     348     0.00000     0.00000     0.08993     0.02661     0.00000  
     349     0.00000     0.45225     0.99121     0.04121     0.00000  
     350     0.00000     0.18145     0.17985     0.07982     0.00000  
     351     0.00000     0.00000     0.00000     0.00000     0.00000  
     352     0.00000     0.00000     0.45301     0.04061     0.00000  
     353     0.00000     0.00000     0.00000     0.00000     0.00000  
     354     0.00000     0.00000     0.40128     0.32116     0.00000  
     355     0.08953     0.26671     0.17985     0.42739     0.00000  
     356     0.00000     0.18145     0.17985     0.00000     0.00000  
     357     0.00000     0.00000     0.07573     0.01120     0.00000  
     358     0.00000     0.00000     0.00000     0.00000     0.00000  
     359     0.08953     1.00000     0.17985     0.05391     0.00000  
     360     0.00000     0.00000     0.00000     0.00000     0.00000  
     361     0.00000     0.00000     0.00000     0.05371     0.00000  
     362     0.00000     0.00000     0.00000     0.00000     0.00000  
     363     0.00000     0.00000     0.00000     0.00000     0.00000  
     364     0.00000     0.14734     0.18391     0.05251     0.00000  
     365     0.18310     0.18554     0.55172     0.08802     0.81855  
     366     0.17873     0.00000     0.00000     0.27115     0.00000  
     367     0.00000     0.00000     0.00000     0.00000     0.00000  
     368     0.00000     0.00000     0.00000     0.05631     0.00000  
     369     0.00000     0.00000     0.13320     0.06601     0.00000  
     370     0.00000     0.00000     0.00000     0.21284     0.00000  
     371     0.00000     0.00000     0.08993     0.23945     0.00000  
     372     0.00000     0.00000     0.00000     0.07762     0.00000  
     373     0.72703     0.00000     0.17985     0.16283     0.00000  
     374     0.00000     0.00000     0.15078     0.02230     0.00000  
     375     0.09391     0.26671     0.45707     0.03851     0.00000  
     376     0.00000     0.00000     0.49696     0.14703     0.50136  
     377     0.00000     0.64598     0.00000     0.16173     0.00000  
     378     0.00000     0.51569     0.00000     0.01850     0.00000  
     379     0.00000     0.00000     0.05747     0.05891     0.00000  
     380     0.03332     0.00000     0.08452     0.05291     0.00000  
     381     0.00000     0.00000     0.49561     0.43859     0.00000  
     382     0.48906     0.00000     0.82015     0.38018     0.00000  
     383     0.23393     0.00000     0.00000     0.31606     0.00000  
     384     0.00000     0.00000     0.09432     0.23255     0.00000  
     385     0.51767     0.13438     0.86883     0.08912     0.00000  
     386     0.00000     0.00000     0.18391     0.02721     0.00000  
     387     0.36217     0.82742     0.82015     0.07401     0.00000  
     388     0.00000     0.82742     0.00000     0.13763     0.00000  
     389     0.17906     0.00000     0.00000     0.05321     0.00000  
     390     0.00000     0.00000     0.81136     0.01360     0.00000  
     391     0.08953     0.00000     0.18391     0.01570     0.00000  
     392     0.07237     0.00000     0.82015     0.01360     0.00000  
     393     0.00000     0.00000     0.00000     0.00000     0.00000  
     394     0.31875     0.00000     0.13218     0.29876     0.00000  
     395     0.36419     0.00000     0.18391     0.20174     0.00000  
     396     0.00000     0.82742     0.82015     0.12132     0.00000  
     397     0.00000     0.55184     0.17918     0.53141     0.00000  
     398     0.46382     0.00000     0.17985     0.10882     0.18145  
     399     0.08953     0.55252     0.54767     0.13423     0.00000  
     400     0.08516     0.00000     0.19675     0.31746     0.28104  
     401     0.00000     0.00000     0.69574     0.46989     0.18145  
     402     0.00000     0.00000     0.41007     0.60662     0.82742  
     403     0.00000     0.00000     0.41007     0.36397     0.00000  
     404     0.00000     0.00000     0.00000     0.12132     0.00000  
     405     0.00000     0.00000     0.68256     0.04461     0.00000  
     406     0.40828     0.00000     0.72583     0.26405     0.81855  
     407     0.43992     0.00000     0.20487     0.13213     0.19441  
     408     0.00000     0.00000     0.80730     0.19834     0.00000  
     409     0.00000     0.18145     0.19270     0.09812     0.00000  
     410     0.00000     0.64188     0.17985     0.06751     0.00000  
     411     0.08516     0.00000     0.17106     0.02200     0.00000  
     412     0.33861     0.00000     0.17106     0.50720     0.00000  
     413     0.00000     0.00000     0.22617     0.44499     0.18145  
     414     0.18512     0.07026     0.33131     0.25195     0.00000  
     415     0.31437     0.00000     0.82015     0.19984     0.82742  
     416     0.00101     0.00000     0.23563     0.67023     0.00000  
     417     0.09155     0.00000     0.18492     0.70064     0.13438  
     418     0.09155     0.00000     0.13218     0.57982     0.00000  
     419     0.09155     0.13438     0.05172     0.89098     0.00000  
     420     0.41838     0.00000     0.81406     0.64483     0.00000  
     421     0.25076     0.13438     0.27248     0.59842     0.00000  
     422     0.00000     0.03206     0.42326     0.26815     0.18554  
     423     0.49344     0.15211     0.55240     0.35587     0.18554  
     424     0.08516     0.21760     0.23394     0.08202     0.00000  
     425     0.00000     0.00000     0.12847     0.77635     0.07026  
     426     0.06631     0.00000     0.49290     0.95559     0.21760  
     427     0.00000     0.00000     0.22650     0.41518     0.18554  
     428     0.06631     0.55662     0.24341     0.35957     0.03206  
     429     0.00000     0.00000     0.00947     0.21114     0.03206  
     430     0.00000     0.00000     0.07606     0.15953     0.03206  
     431     0.00000     0.00000     0.14266     0.16423     0.03206  
     432     0.09155     0.00000     0.09195     0.19044     0.00000  
     433     0.09155     0.00000     0.09195     0.16323     0.00000  
     434     0.09155     0.00000     0.09195     0.21764     0.00000  
     435     0.00000     0.00000     0.09195     0.27205     0.00000  
     436     0.00000     0.00000     0.09195     0.13603     0.00000  
     437     0.00000     0.00000     0.09195     0.08162     0.00000  
     438     0.00000     0.18554     0.09195     0.08162     0.00000  
     439     0.09155     0.00000     0.09195     0.16323     0.00000  
     440     0.00000     0.00000     0.09195     0.13603     0.00000  
     441     0.00000     0.00000     0.09195     0.10882     0.00000  
     442     0.09155     0.00000     0.09195     0.13603     0.00000  
     443     0.00000     0.00000     0.00000     0.02721     0.00000  
     444     0.00000     0.00000     0.09195     0.10882     0.00000  
     445     0.09155     0.00000     0.09195     0.13603     0.00000  
     446     0.09155     0.00000     0.07606     0.15953     0.03206  
     447     0.00000     0.18554     0.07606     0.12292     0.00000  
     448     0.00000     0.00000     0.03414     0.02040     0.00000  
     449     0.00000     0.00000     0.18627     0.14233     0.00000  
     450     0.09155     0.00000     0.18627     0.05091     0.00000  
     451     0.00000     0.00000     0.18526     0.06561     0.00000  
     452     0.15921     0.00000     0.14604     0.59572     0.55662  
     453     0.00000     0.00000     0.24611     0.46569     0.18554  
     454     0.12925     0.17258     0.14402     0.09612     0.13233  
     455     0.08516     0.15211     0.17106     0.07892     0.00000  
     456     0.35880     0.00000     0.26775     0.07401     0.00000  
     457     0.45473     0.18145     0.08316     0.16923     0.00000  
     458     0.22316     0.18554     0.15889     0.68884     0.00000  
     459     0.08516     0.36698     0.02299     0.24195     0.00000  
     460     0.87782     0.00000     0.09195     0.61612     0.00000  
     461     0.09391     0.00000     0.16092     0.48680     0.00000  
     462     0.11444     0.00000     0.25254     0.41368     0.00000  
     463     0.06866     0.00000     0.06423     0.14853     0.00000  
     464     0.09391     0.00000     0.18627     0.11002     0.00000  
     465     0.03467     0.00000     0.21805     0.03081     0.18554  
     466     0.15079     0.00000     0.06728     0.06421     0.00000  
     467     0.11040     0.00000     0.00237     0.05561     0.00000  
     468     0.01582     0.00000     0.07606     0.10442     0.00000  
     469     0.03467     0.15211     0.06728     0.00020     0.00000  
     470     0.09155     0.00000     0.10784     0.23175     0.00000  
     471     0.00000     0.00000     0.10784     0.14543     0.00000  
     472     0.00000     0.00000     0.07606     0.09102     0.00000  
     473     0.00000     0.00000     0.10784     0.09572     0.00000  
     474     0.00000     0.00000     0.07606     0.11822     0.00000  
     475     0.00000     0.03206     0.07606     0.12292     0.00000  
     476     0.00000     0.00000     0.09195     0.08162     0.00000  
     477     0.09155     0.00000     0.09195     0.16323     0.00000  
     478     0.09155     0.00000     0.09195     0.19044     0.00000  
     479     0.00000     0.00000     0.09195     0.05441     0.00000  
     480     0.00000     0.00000     0.09195     0.27205     0.00000  
     481     0.00000     0.00000     0.09195     0.08162     0.00000  
     482     0.00000     0.00000     0.09195     0.10882     0.00000  
     483     0.00000     0.00000     0.00000     0.02721     0.00000  
     484     0.09155     0.00000     0.09195     0.13603     0.00000  
     485     0.00000     0.00000     0.09195     0.10882     0.00000  
     486     0.00000     0.00000     0.09195     0.13603     0.18554  
     487     0.00000     0.00000     0.04124     0.24395     0.00000  
     488     0.09155     0.00000     0.14266     0.29836     0.00000  
     489     0.00000     0.00000     0.02535     0.17263     0.00000  
     490     0.00000     0.00000     0.00947     0.28056     0.00000  
     491     0.15786     0.00000     0.15855     0.37998     0.00000  
     492     0.06631     0.18554     0.00068     0.35677     0.15211  
     493     0.08920     0.18554     0.15619     0.40388     0.00000  
     494     0.09155     0.00000     0.06728     0.35717     0.00000  
     495     0.30932     0.18554     0.14030     0.46349     0.00000  
     496     0.09155     0.13438     0.25287     0.37597     0.18554  
     497     0.04746     0.00000     0.06423     0.45419     0.00000  
     498     0.16022     0.00000     0.24814     0.48530     0.00000  
     499     0.01582     0.00000     0.09905     0.38088     0.00000  
     500     0.36621     0.00000     0.52874     0.60812     0.15211  
     501     0.27465     0.13233     0.22549     0.52370     0.15211  
     502     0.00000     0.03206     0.29581     0.64033     0.06207  
     503     0.00000     0.03206     0.27485     0.40488     0.00000  
     504     0.07573     0.18554     0.11629     0.39258     0.00000  
     505     0.00000     0.00000     0.01589     0.02350     0.00000  
     506     0.00000     0.00000     0.01589     0.01880     0.00000  
     507     0.01582     0.00000     0.01589     0.02821     0.00000  
     508     0.00000     0.00000     0.01589     0.04231     0.00000  
     509     0.00000     0.00000     0.00000     0.00470     0.00000  
     510     0.00000     0.00000     0.05071     0.00650     0.00000  
     511     0.03467     0.00000     0.01893     0.03541     0.00000  
     512     0.15685     0.13438     0.13218     0.38278     0.00000  
     513     0.40424     0.00000     0.26437     0.09672     0.13438  
     514     0.22316     0.02933     0.17512     0.01170     0.18554  
     515     0.09593     0.13438     0.72684     0.35647     0.04025  
     516     0.54628     0.00000     0.12508     0.32937     0.00000  
     517     0.49983     0.00000     0.78702     0.20944     0.00000  
     518     0.40828     0.01296     0.60581     0.33147     0.00000  
     519     0.00000     0.31378     0.15179     0.19454     0.18554  
     520     0.09155     0.00000     0.13151     0.24555     0.31992  
     521     0.02087     0.00000     0.15619     0.50170     0.50341  
     522     0.33995     0.32469     0.89452     0.22925     0.00000  
     523     0.00000     0.07026     0.08519     0.07241     0.12005  
     524     0.00640     0.82742     0.69777     0.38218     0.00000  
     525     0.31437     0.00000     0.09195     0.70874     0.00000  
     526     0.17873     0.64188     0.72143     0.02090     0.15211  
     527     0.02457     0.58868     0.92292     0.37417     0.00000  
     528     0.15786     0.00000     0.21095     0.60252     0.22237  
     529     0.08516     0.82742     0.35565     0.51840     0.00000  
     530     0.09391     0.00000     0.10074     0.21374     0.18554  
     531     0.09391     0.00000     0.18627     0.08722     0.18554  
     532     0.18546     0.00000     0.00237     0.02300     0.00000  
     533     0.00000     0.00000     0.18627     0.02510     0.00000  
     534     0.10973     0.00000     0.03414     0.02300     0.00000  
     535     0.09155     0.19031     0.18627     0.07882     0.00000  
     536     0.00000     0.00000     0.09195     0.13603     0.00000  
     537     0.00000     0.00000     0.09195     0.05441     0.00000  
     538     0.00000     0.00000     0.00000     0.02721     0.00000  
     539     0.00000     0.00000     0.00000     0.02721     0.00000  
     540     0.00000     0.00000     0.09195     0.05441     0.00000  
     541     0.00000     0.00000     0.09195     0.05441     0.00000  
     542     0.09155     0.00000     0.09195     0.21764     0.00000  
     543     0.00000     0.00000     0.09195     0.13603     0.00000  
     544     0.09155     0.00000     0.09195     0.16323     0.00000  
     545     0.00000     0.00000     0.00000     0.02721     0.00000  
     546     0.00000     0.00000     0.09195     0.13603     0.00000  
     547     0.00000     0.00000     0.09195     0.10882     0.00000  
     548     0.00000     0.00000     0.09195     0.13603     0.18554  
     549     0.00000     0.00000     0.09195     0.05441     0.00000  
     550     0.09155     0.00000     0.09195     0.19044     0.00000  
     551     0.00000     0.00000     0.09195     0.10882     0.00000  
     552     0.09155     0.00000     0.09195     0.21764     0.00000  
     553     0.09155     0.00000     0.09195     0.19044     0.00000  
     554     0.00000     0.00000     0.09195     0.13603     0.00000  
     555     0.00000     0.00000     0.09195     0.13603     0.00000  
     556     0.00000     0.00000     0.09195     0.08162     0.00000  
     557     0.09155     0.00000     0.09195     0.13603     0.00000  
     558     0.09155     0.00000     0.09195     0.21764     0.00000  
     559     0.00000     0.00000     0.09195     0.24485     0.00000  
     560     0.00000     0.00000     0.09195     0.10882     0.00000  
